-,-,-
-107.666016, -344.482422, 906.250000
-40.283203, -304.443359, 986.328125
-108.154297, -377.197266, 943.359375
-100.830078, -344.482422, 923.828125
-86.181641, -289.794922, 903.320312
-133.544922, -328.857422, 914.062500
-117.431641, -339.111328, 983.398438
-139.404297, -336.669922, 942.382812
-161.376953, -323.974609, 877.929688
-186.767578, -367.919922, 956.054688
-204.833984, -371.826172, 920.898438
-86.669922, -370.849609, 1056.640625
-,-,-
-151.123047, -328.857422, 825.195312
-142.822266, -342.529297, 905.273438
-209.716797, -352.294922, 872.070312
-161.865234, -299.560547, 922.851562
-215.576172, -305.419922, 865.234375
-244.873047, -396.240234, 1096.191406
-153.076172, -252.685547, 992.187500
-,-,-
-143.310547, -364.013672, 943.359375
-99.365234, -345.458984, 940.429688
-159.912109, -363.037109, 872.070312
-159.423828, -307.373047, 840.820312
-187.744141, -338.134766, 905.273438
-186.767578, -348.388672, 921.875000
-140.380859, -317.626953, 968.750000
-204.833984, -308.349609, 887.695312
-212.646484, -307.373047, 896.484375
-189.208984, -332.763672, 1014.648438
-226.806641, -292.724609, 925.292969
-224.365234, -303.955078, 914.062500
-196.533203, -326.904297, 978.515625
-208.251953, -271.240234, 911.132812
-240.478516, -327.880859, 875.000000
-166.259766, -322.021484, 922.851562
-193.115234, -343.017578, 914.062500
-,-,-
-113.525391, -435.791016, 846.679688
-86.669922, -400.146484, 849.609375
-86.669922, -401.123047, 964.355469
-160.888672, -386.474609, 849.609375
-78.857422, -331.787109, 903.320312
-118.896484, -333.740234, 913.085938
-137.451172, -358.642578, 879.882812
-95.458984, -365.966797, 943.359375
-146.240234, -342.529297, 885.742188
-163.818359, -365.966797, 902.832031
-166.259766, -366.943359, 867.675781
-119.384766, -367.919922, 953.125000
-116.943359, -390.380859, 953.125000
-129.150391, -393.798828, 945.312500
-,-,-
-159.423828, -404.052734, 895.019531
-175.537109, -342.041016, 836.425781
-113.037109, -377.197266, 999.511719
-227.294922, -355.224609, 874.023438
-223.388672, -386.474609, 924.316406
-171.630859, -371.826172, 958.984375
-162.841797, -356.201172, 905.273438
-174.072266, -368.896484, 892.578125
-189.697266, -377.685547, 874.023438
-174.560547, -366.943359, 896.484375
-183.349609, -350.341797, 883.789062
-190.185547, -351.318359, 852.539062
-220.947266, -382.080078, 965.332031
-,-,-
-53.466797, -489.990234, 819.335938
-16.357422, -435.791016, 849.609375
-50.537109, -456.298828, 842.773438
-70.068359, -434.814453, 783.203125
-18.310547, -448.974609, 951.171875
-99.365234, -421.630859, 848.632812
-60.791016, -452.880859, 936.523438
-75.927734, -404.052734, 865.234375
-80.322266, -452.880859, 913.085938
-98.388672, -450.927734, 889.648438
-91.552734, -425.537109, 885.742188
-106.201172, -443.115234, 888.671875
-106.689453, -447.021484, 910.156250
-115.478516, -444.091797, 880.859375
-73.486328, -469.482422, 948.242188
-109.130859, -440.673828, 852.539062
-,-,-
-105.712891, -411.865234, 828.125000
-50.537109, -407.958984, 893.554688
-96.435547, -419.189453, 876.953125
-88.134766, -378.662109, 836.425781
-52.001953, -435.791016, 992.187500
-104.248047, -391.845703, 873.046875
-91.064453, -415.283203, 943.359375
-93.505859, -410.888672, 905.761719
-112.548828, -409.912109, 848.632812
-97.412109, -404.052734, 897.949219
-111.572266, -418.701172, 867.675781
-89.599609, -400.634766, 874.023438
-101.806641, -419.189453, 887.695312
-111.083984, -419.677734, 860.351562
-91.064453, -401.123047, 878.906250
-119.873047, -428.466797, 879.882812
-151.123047, -418.701172, 858.398438
-81.298828, -449.951172, 997.558594
-117.919922, -407.958984, 891.601562
-,-,-
-100.830078, -501.708984, 901.855469
-96.923828, -432.861328, 826.171875
-86.181641, -463.623047, 942.382812
-111.083984, -465.576172, 896.484375
-79.345703, -411.865234, 866.210938
-102.783203, -422.607422, 874.023438
-129.150391, -439.697266, 838.378906
-70.068359, -417.724609, 941.406250
-120.361328, -410.888672, 858.398438
-81.787109, -437.744141, 931.152344
-111.572266, -406.005859, 881.835938
-104.248047, -429.443359, 935.546875
-147.216797, -421.630859, 880.859375
-130.126953, -405.029297, 846.679688
-96.435547, -405.029297, 904.296875
-139.404297, -416.259766, 871.582031
-152.099609, -423.583984, 874.511719
-106.689453, -414.794922, 941.406250
-127.197266, -410.888672, 941.406250
-184.814453, -374.267578, 837.402344
-122.802734, -446.044922, 986.328125
-,-,-
-144.775391, -602.294922, 788.085938
-142.822266, -543.701172, 732.421875
-105.224609, -560.302734, 840.820312
-160.888672, -531.982422, 737.792969
-117.919922, -608.154297, 909.179688
-135.498047, -525.146484, 791.015625
-148.681641, -568.115234, 826.171875
-152.099609, -553.466797, 780.273438
-138.427734, -537.353516, 794.921875
-160.888672, -554.931641, 813.476562
-129.638672, -542.724609, 813.476562
-132.080078, -530.029297, 808.105469
-143.310547, -544.677734, 812.500000
-146.240234, -544.677734, 813.476562
-140.380859, -564.208984, 791.992188
-115.966797, -538.818359, 802.734375
-172.119141, -545.654297, 801.757812
-179.931641, -539.306641, 804.199219
-170.166016, -556.884766, 793.945312
-157.958984, -585.693359, 916.015625
-120.361328, -550.537109, 852.539062
-,-,-
-119.384766, -504.638672, 782.226562
-109.130859, -541.748047, 849.609375
-168.212891, -533.935547, 790.039062
-133.544922, -478.271484, 758.789062
-132.080078, -536.376953, 815.429688
-174.072266, -514.404297, 771.972656
-110.107422, -513.427734, 875.976562
-110.107422, -499.267578, 848.632812
-140.380859, -523.193359, 868.652344
-133.544922, -521.240234, 838.867188
-166.748047, -508.544922, 813.476562
-136.474609, -517.822266, 837.402344
-142.822266, -539.794922, 848.632812
-132.568359, -512.451172, 818.359375
-146.240234, -521.728516, 817.382812
-149.658203, -502.685547, 816.406250
-156.982422, -510.498047, 829.101562
-123.779297, -517.822266, 840.820312
-141.357422, -521.240234, 836.425781
-143.798828, -509.521484, 819.335938
-155.517578, -504.638672, 812.500000
-150.146484, -511.474609, 826.171875
-160.888672, -508.544922, 831.054688
-161.865234, -507.568359, 822.265625
-159.423828, -500.732422, 850.585938
-147.216797, -531.005859, 854.492188
-194.091797, -539.306641, 819.335938
-,-,-
-92.041016, -588.623047, 949.218750
-204.833984, -512.451172, 659.179688
-28.076172, -497.314453, 905.273438
-95.947266, -506.591797, 794.921875
-93.505859, -496.337891, 831.054688
-123.779297, -526.123047, 862.304688
-111.083984, -492.919922, 863.769531
-115.478516, -522.216797, 866.210938
-118.896484, -521.728516, 840.332031
-108.642578, -492.919922, 833.496094
-89.111328, -507.568359, 852.539062
-112.060547, -515.380859, 841.796875
-84.228516, -488.037109, 856.445312
-90.087891, -496.826172, 854.492188
-116.455078, -516.845703, 841.796875
-99.365234, -499.755859, 838.867188
-81.787109, -493.896484, 833.984375
-83.740234, -500.732422, 857.421875
-96.435547, -492.919922, 840.820312
-72.509766, -498.779297, 862.304688
-118.408203, -488.037109, 811.523438
-116.943359, -486.083984, 819.335938
-33.935547, -504.638672, 941.406250
-103.759766, -460.693359, 829.101562
-79.833984, -478.759766, 890.625000
-112.548828, -498.291016, 864.257812
-90.087891, -497.802734, 856.445312
-,-,-
-195.556641, -496.337891, 731.445312
-39.794922, -513.427734, 937.500000
-121.826172, -491.943359, 844.726562
-97.412109, -475.830078, 825.195312
-128.662109, -495.361328, 813.476562
-116.943359, -474.365234, 801.269531
-106.201172, -503.662109, 824.218750
-121.337891, -514.892578, 833.007812
-83.251953, -495.361328, 883.789062
-93.994141, -476.806641, 822.265625
-121.337891, -507.568359, 841.308594
-105.712891, -504.638672, 844.726562
-96.435547, -493.896484, 839.355469
-116.943359, -485.107422, 833.496094
-93.994141, -486.083984, 869.628906
-107.177734, -484.130859, 843.750000
-109.619141, -482.177734, 858.398438
-108.642578, -480.224609, 847.656250
-107.666016, -502.685547, 858.398438
-,-,-
-31.005859, -541.259766, 871.582031
-127.685547, -525.146484, 694.335938
-58.837891, -579.345703, 861.328125
-192.626953, -534.423828, 640.136719
-73.974609, -575.439453, 948.242188
-114.990234, -540.771484, 818.359375
-113.037109, -536.865234, 853.515625
-119.384766, -552.490234, 827.148438
-152.099609, -530.029297, 798.828125
-122.802734, -539.794922, 821.289062
-134.521484, -542.724609, 790.039062
-153.076172, -496.337891, 779.785156
-153.076172, -562.255859, 833.007812
-172.119141, -591.552734, 855.468750
-161.865234, -551.513672, 823.242188
-,-,-
-165.283203, -516.845703, 712.890625
-98.388672, -581.787109, 875.000000
-124.267578, -506.591797, 834.472656
-172.607422, -490.966797, 784.179688
-132.080078, -532.958984, 892.089844
-150.146484, -512.939453, 802.246094
-135.498047, -524.169922, 855.468750
-164.306641, -516.845703, 746.093750
-109.130859, -525.146484, 854.492188
-153.076172, -496.337891, 808.105469
-154.541016, -508.544922, 836.425781
-137.939453, -517.822266, 869.628906
-143.798828, -490.478516, 830.078125
-150.146484, -518.798828, 849.609375
-115.966797, -515.380859, 917.968750
-120.361328, -520.751953, 861.328125
-,-,-
-57.861328, -520.263672, 782.226562
-32.470703, -471.923828, 764.648438
-32.958984, -530.029297, 869.628906
-43.701172, -510.498047, 825.195312
-43.701172, -496.337891, 843.750000
-42.236328, -498.779297, 863.281250
-44.677734, -475.830078, 891.601562
-52.978516, -481.201172, 860.351562
-46.630859, -482.177734, 881.835938
-49.560547, -478.759766, 896.484375
-91.064453, -456.298828, 827.148438
-73.974609, -468.505859, 860.351562
-28.564453, -447.998047, 905.273438
-91.552734, -490.966797, 891.601562
-85.693359, -452.880859, 892.578125
-93.994141, -432.373047, 842.773438
-63.232422, -447.998047, 906.250000
-76.904297, -478.271484, 902.832031
-,-,-
-163.330078, -576.416016, 676.269531
-52.978516, -557.861328, 825.195312
-177.001953, -613.525391, 722.656250
-144.287109, -605.224609, 790.039062
-111.083984, -554.931641, 772.949219
-173.095703, -595.947266, 726.562500
-174.072266, -597.900391, 767.578125
-167.236328, -610.107422, 783.203125
-167.724609, -614.501953, 801.269531
-172.607422, -581.787109, 770.507812
-186.767578, -580.810547, 734.375000
-144.775391, -591.552734, 803.222656
-167.724609, -587.646484, 776.367188
-135.986328, -563.232422, 816.406250
-160.888672, -568.603516, 783.203125
-188.720703, -598.388672, 798.828125
-113.037109, -637.451172, 906.250000
-,-,-
-59.326172, -627.685547, 835.449219
-131.103516, -594.970703, 782.226562
-140.869141, -593.994141, 809.570312
-136.962891, -576.416016, 786.132812
-156.494141, -530.029297, 742.675781
-135.986328, -587.646484, 838.867188
-168.212891, -599.365234, 805.175781
-150.146484, -575.927734, 802.246094
-146.728516, -563.232422, 804.199219
-155.517578, -559.814453, 797.851562
-148.681641, -581.787109, 828.125000
-179.931641, -571.044922, 780.273438
-167.236328, -599.365234, 842.285156
-188.232422, -571.044922, 785.156250
-154.541016, -560.302734, 830.078125
-177.490234, -580.810547, 835.449219
-150.634766, -613.525391, 845.703125
-160.400391, -550.537109, 739.746094
-,-,-
-243.408203, -558.837891, 784.179688
-160.888672, -571.533203, 899.902344
-211.181641, -529.052734, 818.359375
-177.490234, -491.943359, 820.312500
-197.998047, -523.193359, 808.593750
-189.208984, -531.494141, 836.425781
-179.443359, -510.498047, 846.679688
-202.392578, -526.123047, 811.523438
-206.787109, -509.521484, 788.085938
-167.236328, -515.380859, 852.539062
-188.232422, -503.662109, 816.406250
-206.787109, -515.380859, 821.289062
-194.091797, -514.404297, 824.218750
-188.720703, -492.919922, 838.867188
-205.322266, -511.474609, 819.335938
-201.904297, -507.568359, 840.332031
-215.087891, -508.544922, 817.382812
-202.392578, -531.005859, 842.773438
-203.857422, -533.935547, 837.402344
-175.537109, -569.091797, 878.906250
-181.396484, -603.271484, 900.878906
-,-,-
-128.662109, -636.962891, 739.746094
-198.974609, -606.201172, 653.320312
-137.939453, -622.802734, 825.195312
-168.701172, -599.365234, 772.949219
-125.244141, -608.154297, 861.328125
-184.326172, -603.271484, 769.042969
-197.509766, -610.107422, 770.507812
-197.021484, -604.248047, 749.023438
-182.373047, -605.224609, 765.625000
-177.978516, -560.302734, 788.085938
-215.087891, -600.341797, 757.812500
-190.185547, -586.669922, 761.718750
-186.767578, -593.505859, 812.500000
-174.560547, -561.279297, 782.226562
-172.607422, -572.998047, 804.199219
-174.560547, -562.255859, 795.898438
-178.466797, -555.908203, 776.367188
-203.857422, -590.576172, 767.578125
-194.091797, -574.462891, 765.625000
-182.861328, -585.693359, 799.804688
-188.232422, -582.763672, 798.828125
-192.138672, -563.232422, 789.062500
-162.841797, -589.599609, 848.632812
-206.787109, -599.365234, 772.949219
-,-,-
-254.638672, -536.376953, 712.890625
-109.130859, -538.818359, 984.375000
-255.615234, -509.521484, 729.492188
-175.537109, -522.216797, 868.652344
-220.947266, -500.244141, 807.617188
-216.552734, -474.365234, 771.972656
-188.232422, -501.708984, 868.652344
-262.451172, -513.427734, 784.179688
-211.669922, -536.865234, 862.792969
-217.529297, -535.400391, 805.175781
-200.927734, -519.775391, 815.429688
-187.255859, -493.408203, 880.859375
-215.087891, -501.220703, 831.054688
-,-,-
-190.185547, -563.232422, 733.398438
-196.044922, -614.013672, 813.476562
-239.501953, -555.908203, 656.250000
-145.751953, -547.607422, 875.000000
-178.466797, -525.146484, 783.203125
-204.833984, -555.908203, 818.359375
-231.689453, -574.462891, 808.105469
-239.501953, -531.005859, 771.972656
-232.666016, -541.748047, 788.085938
-221.923828, -537.353516, 791.992188
-192.626953, -548.583984, 797.363281
-212.646484, -526.123047, 791.992188
-237.548828, -530.029297, 773.437500
-246.337891, -523.193359, 798.828125
-224.365234, -527.099609, 806.640625
-236.572266, -527.099609, 835.449219
-227.294922, -512.451172, 823.242188
-230.224609, -515.869141, 815.429688
-237.548828, -517.822266, 829.101562
-215.087891, -514.892578, 844.726562
-262.451172, -505.615234, 815.429688
-247.802734, -533.447266, 852.539062
-220.947266, -544.677734, 868.652344
-,-,-
-113.037109, -587.646484, 812.500000
-230.224609, -569.091797, 667.968750
-159.423828, -583.740234, 863.281250
-257.080078, -612.060547, 734.375000
-205.810547, -566.162109, 764.648438
-197.509766, -580.810547, 804.199219
-239.990234, -584.716797, 787.109375
-240.478516, -584.716797, 783.203125
-218.505859, -561.279297, 787.109375
-259.521484, -578.369141, 776.855469
-209.228516, -557.861328, 802.246094
-248.779297, -566.162109, 772.949219
-274.658203, -587.646484, 752.441406
-240.478516, -573.486328, 769.531250
-224.365234, -563.232422, 781.250000
-227.783203, -563.232422, 807.128906
-217.529297, -562.744141, 839.843750
-,-,-
-180.908203, -572.998047, 754.882812
-197.509766, -543.701172, 738.769531
-152.099609, -598.388672, 906.250000
-185.302734, -577.392578, 817.382812
-118.408203, -477.294922, 791.015625
-157.958984, -541.748047, 787.109375
-201.416016, -543.212891, 789.062500
-161.865234, -538.818359, 834.472656
-172.607422, -524.169922, 817.382812
-143.310547, -554.931641, 866.699219
-144.775391, -540.771484, 872.070312
-182.373047, -521.240234, 817.382812
-168.212891, -522.216797, 841.796875
-173.095703, -533.935547, 816.406250
-185.791016, -522.216797, 802.246094
-156.982422, -525.146484, 820.312500
-152.099609, -524.169922, 818.359375
-173.095703, -545.654297, 833.496094
-167.236328, -524.169922, 832.031250
-154.052734, -514.404297, 822.265625
-131.103516, -492.919922, 833.007812
-148.681641, -522.216797, 836.425781
-144.775391, -511.962891, 846.679688
-,-,-
-100.830078, -587.646484, 780.273438
-118.896484, -596.435547, 802.246094
-137.939453, -547.607422, 763.671875
-91.552734, -551.513672, 803.222656
-142.333984, -597.900391, 818.359375
-175.537109, -573.486328, 761.718750
-150.634766, -600.341797, 815.429688
-142.333984, -538.818359, 769.042969
-143.798828, -595.947266, 765.625000
-156.982422, -576.416016, 769.531250
-138.427734, -535.400391, 813.476562
-160.400391, -536.376953, 795.898438
-176.513672, -600.341797, 822.265625
-174.072266, -536.376953, 829.101562
-167.236328, -542.724609, 827.148438
-151.611328, -574.462891, 844.726562
-156.982422, -586.669922, 799.316406
-,-,-
-112.548828, -555.908203, 826.171875
-159.912109, -565.185547, 737.304688
-134.033203, -522.705078, 802.246094
-123.779297, -531.005859, 845.703125
-164.306641, -520.263672, 836.425781
-127.685547, -519.287109, 873.046875
-180.419922, -541.259766, 811.523438
-117.919922, -522.216797, 821.289062
-135.986328, -518.798828, 814.453125
-176.513672, -522.216797, 816.406250
-156.005859, -512.451172, 818.359375
-147.705078, -489.013672, 841.796875
-162.353516, -521.240234, 817.382812
-141.845703, -520.263672, 857.421875
-183.837891, -513.427734, 818.359375
-153.076172, -525.146484, 827.148438
-137.451172, -509.521484, 818.359375
-155.029297, -496.337891, 790.039062
-142.333984, -547.607422, 874.023438
-,-,-
-185.791016, -544.677734, 732.421875
-169.677734, -513.916016, 846.679688
-217.529297, -532.958984, 730.468750
-107.666016, -475.830078, 874.023438
-190.185547, -512.451172, 828.125000
-176.513672, -529.052734, 875.976562
-168.701172, -487.060547, 846.679688
-212.646484, -519.775391, 798.828125
-186.279297, -517.822266, 826.171875
-191.162109, -514.404297, 818.359375
-178.955078, -516.357422, 806.152344
-178.955078, -511.474609, 811.523438
-175.537109, -497.314453, 807.617188
-161.376953, -469.482422, 814.453125
-173.095703, -482.177734, 794.921875
-147.216797, -511.474609, 874.023438
-,-,-
-137.939453, -488.037109, 777.343750
-148.681641, -475.830078, 835.449219
-148.681641, -511.474609, 879.882812
-177.001953, -493.896484, 831.054688
-157.470703, -477.294922, 848.632812
-220.947266, -531.982422, 823.242188
-207.763672, -502.197266, 813.476562
-191.650391, -498.779297, 830.078125
-193.603516, -506.591797, 835.449219
-198.486328, -502.685547, 842.773438
-158.447266, -480.224609, 812.500000
-232.666016, -510.498047, 820.312500
-210.205078, -521.728516, 846.679688
-209.228516, -509.521484, 822.265625
-234.130859, -523.193359, 823.242188
-161.865234, -493.896484, 866.699219
-,-,-
-77.392578, -554.931641, 773.925781
-92.529297, -550.048828, 784.179688
-207.275391, -603.271484, 739.746094
-140.380859, -568.115234, 824.218750
-166.259766, -587.646484, 764.648438
-182.373047, -580.810547, 769.531250
-143.798828, -577.392578, 784.179688
-152.587891, -539.794922, 742.675781
-143.798828, -585.693359, 823.242188
-190.673828, -591.552734, 763.671875
-105.224609, -575.439453, 781.250000
-167.724609, -572.021484, 787.109375
-168.701172, -582.763672, 798.828125
-173.095703, -585.693359, 796.386719
-151.123047, -580.810547, 770.996094
-163.330078, -589.599609, 805.664062
-168.701172, -558.837891, 792.968750
-157.958984, -544.677734, 772.949219
-170.654297, -593.017578, 750.000000
-178.955078, -562.744141, 774.414062
-177.978516, -574.951172, 779.296875
-111.572266, -572.998047, 813.476562
-169.677734, -519.775391, 812.500000
-116.943359, -538.330078, 806.152344
-,-,-
-308.349609, -532.958984, 619.140625
-54.931641, -530.517578, 989.257812
-218.994141, -453.369141, 711.914062
-75.927734, -444.091797, 1017.578125
-161.865234, -481.201172, 896.972656
-96.923828, -416.259766, 894.531250
-113.525391, -454.833984, 855.468750
-140.380859, -469.482422, 840.820312
-162.841797, -472.412109, 828.125000
-121.826172, -477.294922, 855.468750
-112.060547, -472.900391, 847.656250
-129.150391, -474.365234, 856.445312
-131.103516, -461.669922, 844.726562
-116.943359, -483.154297, 873.046875
-142.333984, -474.365234, 841.796875
-152.099609, -472.412109, 875.976562
-169.677734, -500.732422, 894.531250
-138.427734, -489.990234, 895.507812
-138.427734, -495.849609, 853.515625
-,-,-
-70.556641, -433.837891, 851.562500
-126.220703, -471.435547, 764.648438
-52.978516, -515.380859, 954.101562
-179.931641, -522.705078, 803.222656
-71.533203, -479.248047, 958.984375
-114.501953, -457.275391, 839.355469
-99.365234, -458.251953, 850.585938
-113.525391, -493.896484, 842.773438
-106.689453, -480.712891, 814.453125
-93.505859, -492.919922, 838.378906
-101.806641, -477.783203, 837.402344
-117.431641, -515.869141, 884.765625
-111.572266, -489.013672, 874.023438
-114.990234, -467.041016, 840.332031
-107.177734, -473.388672, 902.832031
-111.572266, -474.365234, 866.699219
-127.197266, -471.435547, 845.703125
-122.802734, -494.384766, 847.656250
-137.939453, -470.458984, 808.593750
-110.107422, -471.435547, 868.652344
-106.689453, -480.224609, 883.789062
-107.666016, -478.271484, 916.992188
-66.162109, -505.615234, 932.128906
-,-,-
56.152344, -553.955078, 653.320312
-7.568359, -590.576172, 733.398438
-32.958984, -648.193359, 770.996094
13.183594, -566.162109, 847.656250
-37.353516, -585.693359, 815.429688
-19.287109, -578.857422, 846.679688
-9.033203, -537.841797, 795.898438
-46.142578, -604.248047, 824.218750
-30.029297, -613.525391, 863.281250
-34.423828, -595.947266, 796.875000
-52.978516, -611.572266, 748.046875
-67.138672, -573.974609, 747.070312
-51.025391, -578.369141, 829.101562
-52.978516, -578.857422, 802.734375
-82.763672, -539.794922, 747.070312
-61.767578, -569.091797, 901.855469
-,-,-
-94.482422, -596.435547, 697.265625
-103.759766, -626.708984, 750.000000
-130.126953, -577.392578, 685.546875
25.878906, -556.884766, 956.054688
-116.455078, -560.302734, 739.746094
-42.724609, -586.669922, 882.812500
-101.806641, -560.302734, 805.175781
-105.224609, -581.787109, 802.246094
-84.716797, -556.884766, 809.570312
-125.732422, -596.923828, 777.343750
-121.337891, -611.083984, 801.757812
-97.412109, -571.533203, 782.226562
-101.318359, -580.810547, 808.105469
-100.830078, -582.763672, 827.148438
-115.966797, -576.416016, 808.593750
-72.509766, -554.443359, 762.695312
-147.705078, -565.185547, 716.796875
-93.017578, -589.599609, 842.285156
-108.642578, -591.552734, 833.496094
-,-,-
-167.724609, -614.990234, 764.648438
-134.521484, -593.994141, 771.972656
-145.751953, -629.638672, 801.269531
-131.103516, -566.162109, 787.109375
-178.955078, -586.669922, 722.656250
-162.841797, -608.154297, 789.062500
-187.255859, -573.486328, 656.250000
-158.447266, -587.646484, 760.742188
-151.123047, -609.130859, 815.429688
-175.537109, -618.408203, 765.625000
-202.392578, -609.130859, 785.156250
-,-,-
-211.669922, -622.802734, 832.519531
-280.029297, -513.427734, 547.363281
-132.568359, -597.412109, 1002.929688
-275.146484, -541.748047, 713.867188
-184.814453, -572.021484, 887.695312
-206.787109, -527.099609, 832.519531
-239.013672, -523.193359, 813.476562
-212.646484, -567.138672, 831.054688
-234.619141, -557.861328, 754.882812
-194.580078, -555.908203, 812.988281
-,-,-
-201.904297, -642.333984, 723.632812
-251.220703, -634.521484, 595.703125
-208.740234, -627.685547, 689.453125
-167.236328, -635.498047, 806.640625
-186.767578, -610.107422, 740.722656
-160.400391, -603.271484, 805.175781
-200.439453, -597.412109, 744.140625
-176.513672, -598.388672, 792.968750
-178.955078, -614.013672, 763.671875
-190.673828, -596.923828, 724.609375
-176.513672, -593.994141, 799.804688
-,-,-
-212.646484, -595.947266, 611.816406
-152.099609, -616.455078, 706.542969
-93.994141, -642.333984, 880.859375
-193.115234, -656.494141, 737.304688
-87.646484, -590.576172, 838.867188
-130.126953, -549.560547, 743.164062
-175.048828, -629.638672, 770.996094
-190.673828, -593.017578, 693.359375
-100.341797, -587.646484, 839.843750
-182.373047, -627.685547, 717.773438
-159.423828, -597.412109, 770.996094
-152.099609, -591.064453, 787.109375
-187.255859, -588.623047, 752.929688
-162.841797, -589.599609, 796.875000
-139.892578, -560.302734, 819.335938
-149.658203, -576.416016, 830.078125
-,-,-
-142.333984, -581.787109, 751.953125
-153.076172, -588.134766, 665.039062
-90.576172, -556.884766, 781.250000
-119.384766, -524.169922, 762.695312
-92.041016, -586.669922, 936.523438
-118.896484, -539.794922, 853.515625
-158.447266, -538.330078, 809.570312
-139.404297, -526.123047, 814.453125
-162.841797, -570.556641, 805.664062
-184.326172, -609.130859, 789.062500
-141.357422, -557.861328, 768.554688
-106.689453, -528.076172, 808.593750
-197.509766, -576.416016, 761.718750
-169.677734, -582.763672, 813.476562
-181.396484, -583.740234, 788.085938
-224.365234, -590.576172, 752.929688
-204.833984, -607.177734, 823.242188
-,-,-
-111.083984, -537.353516, 772.949219
-134.521484, -523.193359, 704.101562
-182.373047, -592.529297, 801.757812
-122.802734, -537.841797, 816.406250
-88.134766, -489.990234, 865.722656
-154.052734, -543.701172, 736.328125
-74.951172, -580.810547, 961.914062
-197.021484, -554.931641, 747.070312
-125.244141, -539.794922, 818.359375
-155.517578, -551.513672, 798.828125
-152.587891, -525.146484, 782.226562
-101.806641, -577.392578, 937.011719
-,-,-
-121.337891, -574.951172, 856.445312
-171.630859, -517.333984, 617.187500
-46.142578, -547.607422, 960.937500
-183.349609, -543.701172, 766.601562
-151.123047, -548.583984, 893.554688
-173.095703, -514.892578, 838.378906
-219.482422, -530.029297, 897.949219
-244.384766, -596.923828, 851.562500
-207.275391, -530.029297, 833.984375
-208.740234, -557.861328, 790.039062
-215.576172, -553.466797, 770.996094
-,-,-
-152.099609, -561.279297, 734.375000
-155.517578, -527.099609, 692.382812
-196.044922, -531.005859, 758.789062
-204.345703, -602.294922, 849.609375
-141.357422, -517.822266, 804.199219
-176.025391, -553.466797, 816.406250
-184.814453, -583.740234, 871.093750
-197.021484, -575.439453, 820.312500
-143.310547, -535.400391, 836.425781
